41.67 41.80
41.05
41.76
41.0
40.24
41.72
41.40 40.68 40.17 40.18
40.17 41.94
41.57 40.14 40.16 40.15 40.14 40.22 41.0 41.84 42.042.05
41.90
41.50 40.19 40.23
40.16 40.19 40.11 40.15 40.32 41.92
40.20 40.18 41.93
41.50 40.17 40.21
40.12
40.07 40.23
40.39
41.0
41.34
41.0 40.24
40.11
40.06 40.16
40.22
40.23
40.52 41.78 42.00
40.15 40.17 40.04 40.10 40.33 40.74 42.0 42.22
40.21 40.08 40.09 40.12 40.63 42.12 42.12
40.10 41.07 42.17
41.34 40.15
40.17 40.07
40.13
40.84
41.34 40.18 40.10 40.10 40.10 40.17 40.48 41.11 0 4 . 0 1 . 4 99 42.13 42.07
40.19 40.16 40.16
40.13
40.09 40.11
40.14
40.13 40.11
40.15
40.18 40.22
40.43
40.50
40.79
41.0 41.11 41.12
40.98
40.77
40.81
42 4 . 2 08 .0
41.7
4
6
1.59
41.26
40.16 40.19
40.16
40.13
40.12
40.11
40.19
40.40
40.55
40.61
40.99
41.01
40.78 41.0
41.62
41.24
41.0
40.20 40.17 40.17
40.14
40.1
4
1
0.10
40.16
40.18
40.16
40.18
40.15
40.36 40.43
40.51
40.57 40.77
40.92
40.96 40.85
40.89
40.75
40.74
40.72
40.80
40.74 40.79
40.79
40.77 41.81
41.71
41.83
41.15 40.23 40.17
40.18
40.2
4
1
0.20
40.15 40.18 40.23 40.33
40.28
40.48 40.60
40.52
40.59 40.73
40.87
40.80 40.76 40.71 40.70
40.71
40.74 40.70
40.74
40.74 40.79
40.85
41.0 40.80
42.00
42.042.06 42.00
40.18 40.19 40.13 40.28 40.52 40.86 40.70 40.71 40.79 41.79
41.50 41. 4 3 1 9 .10 40 4 .9 1 8 .29 41.25 41.04 40.18 40.17 40.18 40.18 40.12 40.14 40.40 40.67 40.74
40.69
40.76 40.69 40.67 40.67 40.70 40.71
40.71
4400.8.722 40.73 40.80 40.81
40.87
40.81 41.84 41.87 41.57
41.34 41.0 40.72 41.30 40.59 40.55 4 4 1 0 . . 2 6 5 0 40.61 40.73 40.76 41.31 41.0 40.79 40.73 41.0 4 6 1.41 40.91 40.97 4 4 1 1 .1 .0 5 9 41.1 4 2 1.43 41.11 4 4 1 1 . . 0 1 4 7 7 1.11 41.12 41. 4 1 1 3 .09 41 4 . 1 1 . 3 12 41.12 41.16 41.14 41.09 41.16 41. 4 0 1 9 .17 0.14 40 4 . 0 7 . 2 95 40.92 41.01 4 4 0 0 . . 6 7 0 2 40.82 4 4 1 0 .0 . 4 6 1 5 . 4 0 4 0 4 0 .5 . 4 81 40.74 40.62 40.54 40.72 40.55 40.53 40.58 4 4 0 0 .9 .5 1 2 40.49 40.52 40.4 4 7 0.83 40.37 40.40 40.34 40.78 40.37 4 4 0 0 . . 2 7 9 8 40.86 40. 4 31 0.29 40.21 40.14 40.23 40.20 40.19 4 4 0 0 .2 .1 2 5 40.16 40.17 40 4 . 0 2 . 4 21 40.18 40.16 40.18 4 4 4 0 0 4 0 . . 1 0 . 1 2 8 . 7 2 3 0 40 4 4 . 0 4 1 0 . 0 6 . 2 2 . 1 2 2 3 40 4 . 0 1 . 4 16 4 4 0 0 .1 .1 7 4 6 0.16 40.1 4 9 0. 4 1 0 7 .1 4 4 6 0 0 .1 .1 7 4 7 0.18 4 4 4 0 0 0 . . 4 . 3 3 0 7 4 40.47 40.44 40.56 40.61 40.60 40.61 40.5 4 7 0.65 40.65 4 4 0 0 .6 .6 7 6 40.70 4 4 0 0 . . 7 7 3 3 40.76 40.82 40. 4 8 0 3 .86 40.74 40 4 .7 0 9 .83 40.81 40 4 . 0 8 . 8 84 40.85 40.90 40.66 40.74 40.78 40.64 40.82 40.81 40.64 40 4 .8 0 5 .69 40.8 4 3 0.69 4 4 0 0 . . 8 7 5 0 40.69 4 4 0 0 . . 7 8 0 1 40 4 . 0 7 . 1 65 40.69 4 4 0 0 .6 .7 5 1 40.75 40. 4 7 0 4 0 . 0 6 . 9 68 40.73 40.6 4 4 6 0 0 . . 6 6 3 9 40.6 4 7 0 4 . 0 7 . 1 64 40.86 40.6 4 6 0 4 .7 0 6 .61 40.81 40.7 4 2 0 4 .7 0 7 .64 40.81 40 4 . 1 66 . 4 0 0.82 40.8 4 1 0 4 . 0 8 . 9 66 40.83 4 4 0 1 .7 .3 8 4 5 0.64 40.81 4 4 1 0 . . 1 8 3 3 40.78 40.84 41 4 . 1 1 4 .0 2 0 8 .79 40.98 4 0.1 0 4 .7 4 8 4 0 0 . . 9 7 4 9 9 04. 0 7 .76 7 40.78 40.88 40.73 40.84 4 40 0 .7 . 0 85 40.63 40.77 40.79
4 4 0 0 . . 4 4 9 9 40.50 40.49 40.64 40.74 41.11 41.09 41.07 40.75 40.67 40.44 40.38 40.31 40.23 40.25 40.20 40.28 40.17 40.22 40.35 40.47 40.58 40.68 40.73 40.76 40.77 40.80 40.77 40.79 40.84 40.72 41.06 0.14 40.94 40.68 40.65 40.68 40 4 . 0. 6 73 4 40.47 40.41 40.42 40.47 40.32 40 4 .2 0 1 . 4 4 2 0 0 7 . . 3 1 4 5 8 0.50 40.42 40 4 .3 0 1 .49 4 4 0 0 . . 5 4 2 3 40.34 40. 4 6 0 8 .64 40.69 40 4 .5 0 6 .78 40.75 40.92 40 4 . 0 8 . 3 78 4 4 0 0 .8 .8 5 7 41.0 40.84 40.91 41 4 . 1 1 . 0 09 41.07 41.16 41. 4 0 1 8 .08 41.09 41.14 41.1 4 5 1. 4 1 1 2 .09 41.15 41.13 4 4 1 1 .1 .1 4 1 0.14 41.13 40.91 40.96 0 4 .14 0.96 40.96 4 4 0 0 . . 8 7 2 8 40.56 40.74 40.6 4 0 0.61 40.49 40.64 40.58 40.51 40.38 40.54 40.36 40.42 40.45 40.34 40.37 40.41 4 4 0 0 .2 .4 8 6 40.41 40.25 0.04 4 0.04 0.25 40.38 4 4 4 0 0 0 .3 . . 2 2 0 4 7 40.10.304 40.4 4 0 0.3 4 7 0 4 . 0 2 . 8 23 40.29 40. 4 2 0 8 .2 4 8 0.24 40.20 40.0 40.23 40. 4 2 0 1 .20 40.22 40.2 4 4 0.16 40.18 40.18 40.2 4 5 0.1 4 1 0.32 40 4 .1 0 4 .17 4 4 0 4 0 .3 0 .1 0 .3 1 8 40.21 40.4 4 3 0.32 40.43 4 4 0 0 .5 .2 1 9 40.5 4 4 0.46 40.56 40. 4 3 0 4 .64 40.5 4 1 0.66 40 4 . 0 6 . 5 67 40.70 40.43 40.71 40.61 40 4 . 4 7 0 0 1 .7 .4 5 0 40.5 4 7 0.75 40.73 40.76 40. 4 6 0 1 .75 40.73 40.77 40.78 40.77 40 4 . 0 7 . 8 78 40.79 40.76 40. 4 7 0 6 .76 40.78 40.7 4 7 0.74 40.79 4 4 0 0 .7 .7 9 8 40.79 40.85 40.78 40.80 40 4 . 0 7 . 9 80 40.7 4 9 0. 4 7 0 8 .81 40.77 40.7 4 7 0.76 40.75 0.14 4 4 0 1 .7 .0 3 1 41 4 . 0 0 . 2 76 40.97 41 0.1 . 4 04 41.0 41.02 40.94 40.9 4 8 0.97 40.9 4 7 0.92 40.95 40.69 40 4 .9 0 1 .67 40.98 40.67 40.64 40.63 40.6 4 7 0.67 40. 4 6 0 6 .65 40. 4 6 0 6 .70 40.79 40.75 40.77 40 4 . 0 6 .7 8 4 40.78 40.66 40.73 40.79 40.78 40.74 40.78 40.7 4 2 0.78 4 4 0.7 0 4 .77
40.21 40.68 41.0 41.11 41.09 40.54 40.18 40.03 40.26 40.75 40.80 40.71 40.78 40.72 40.73
40.41 40.35 40.20 40.18 40.20 40.34 40.51 40.54 40.65 41.13 41.14 41.05 40.96 40.83 40.69 40.58 40.53 40.33 40.26 39.92 39.94 39.79 39.81 39.80 40.040.00 39.69 39.57 40.18 40.14 40.49 40.13 40.77 40.66 40.80 40.75 40.75 40.78 40.77 40.77 40.77 40.76 41.03 40.99 40.97 40.95 41.01 40.66 40.67 40.65 40.71 40.79 40.80 40.67 40.74 40.72 40.61 40.69 40.71 40.66 40.63
40.55 39.92 40.0 40.28 39.92 39.94 39.94 39.93 40.03 40.16 40.08 40.34 40.33 40.39 41.10 41.0 41.06 40.42 40.52 40.32 40.46 40.29 40.26 40.09 40.16 39.94 40.0 39.86 39.82 39.79 39.81 39.83 39.78 39.83 39.81 39.78 39.82 39.82 39.79 39.81 39.59 39.61 39.5 4 1 0.0 40.02 39.59 40.05 39.75 40.41 40.47 40.77 40.50 40.81 40.76 40.77 40.79 40.79 40.82 40.79 41.00 41.04 41.0 40.96 40.99 40.69 40.72 40.68 40.6 4 9 0.66 40.65 40.71 40.69 40.66 40.77 40.71 40.67 40.68 40.75 40.70 40.72 40.71 40.70 40.63 40.57 40.59 40.53 40.59 40.50 40.57 40.49 40.55 39.89 39.92 39.91 3 4 9 0..098 40.16 40.20 40.38 40.42 40.06 40.00 39.99 39.81 39.82 39.82 39.82 39.82 39.85 39.84 39.80 39.83 39.80 40 4 .0 0.49 40.49 40.29 40.40 40.99 40.98 40.69 40.68 40.67 40.70 40.73 40.62 40.75 40.65 40.64 40.62 40.56 40.60 40.49 40.38 39.88 3
3
9
9
.8
.8
8
8
39.95
39.94 39.
3
9
9
3
.90 39.92
39 3 . 9 9 . 3 91
39.87 39.92
39.96 39.95
39.93 39.91
39.88 3
3
9
9
.9
.9
3
5 39.98
40.00 39.96
40.07 4
4
0
0
.
.
0
0
9
39.89
40.00
39.79
39.99
39.95 40.0
40.06
39.89
40.20 39.99
39.5
4
7
0.07 39.89 40.0
39
4
.2
0
5
.07 39.83
39.53
40.04 39.90
39.73 39.33 39.6
4
2
0.00 39.73 40
3
.
9
0
.67
39.78 39.71
39.76
39.7 3 5 9
3
.
9
6
.
8
70 39.68
39.81 39.81 39.89
39.81
39.85 39.82
39.86 39.84
39.81 39.84
39.82 39.86
3 3 9 9 . . 8
3
8 9
9
6
.86 39.83 39.82 39.
3
8
9
7
.87
39.88
39.87
39.91 39.86 39.8
3
8
9.88
39.80
39.85 39.81
39.74 39.78 39.7
3
3
9.76
39
3
.
9
7
.
2
79
3 3
3 3
9 9
9 9
. .
.
7 7
9 .7
4 2
1 5 39.9
3
2
9.74 39.8
3
0
9
3
.
9
9
.
5
82
39. 3 9 9 3 .98
39.94
40
3
.0
9
5
.9
0
6
.04 40.05
40
4
.
0
0
.
7
11
40.21
40.22 39.75 40.01 39.75 39.87 0.04 39.89 39.83
40.02
40.12 40.52 40.19 40.41 40.69
40.16 4400..1155
40.1 4 4 0.49
40.19
40.09 40
4
.5
0
1
.27
40.69
40.17
40
4
.
0
6
.
0
25
40.66
40.31 40.31
40.73 4
4
0
0
.
.
7
4
2
7 40.46
40.76 4
4
0
0
.
.
7
3
6
3
4
4
0
0
.7
.6
0
2
40.
4
6
0
6
.33
4 4 0 0 . . 6 3 7 4 40.
4
3
0
7
.47 4
4
0
0
.6
.8
5
3 40.66 4
4
0
0
.6
.4
7
0 40.63
40.67 40.63
40.38 40.46
40.59 40.
4
5
0
9
.27 40.45
40.43 40.5
4
7
0.18 40.24
40.36 40.55
40 4 .1 0 7 .23
40.30 40.48
40.
4
2
0
4
.26 40.34
40.0
4
9
0.08
39.89 39.88 39.89 39.89 39.90 39.8 3 6 9.96 39.90 39.64 39.68 39.80 39.71 39.52 39.16 39.15 39.19 39.11 39.87 39.75 39.72 39.72 39.75 39.67 39.76 39.80 39.84 39.87 39.82 39.81 39.89 39.83 39.82 39.76 39.68 39.75 39.72 39.78 39.74 39.79 3 3 9 9 .9 .9 1 3 0 9.97 39.95 3 4 9. 0 9 . 0 0 40.0 40.18 METAL FENCE =1.9 HGT 40.21 40.36 40. 4 4 0 6 .39 40.34 39.98 40.14 40.30 39.90 40.09 40.05 40.22 40.12 40.02 40.14 40.21 40.1 4 9 0.15
39.93 39.39 39.88 39.36 39.41 39.36 39.42 39.30 39.43 39.34 39.36 39.35 39.50 39.43 39.70 39.48 39.56 39.68 39.33 3 3 9 9 . . 1 1 4 4 39.13 39.17 39.12 3 3 9 9 . . 1 1 8 6 39. 3 1 9 7 .20 39.23 39.83 3 3 9 9 . . 7 7 1 2 39.8 3 0 9.62 39.67 39.68 39.85 39.83 39.88 39. 3 8 9 5 .86 39.85 39.83 39.79 39.86 39.87 39.85 39.88 39.81 39.92 39.70 39.68 39 3 .7 9 8 .67 39.6 3 6 9.65 39.70 39.71 39.74 39.71 39.69 3 3 9 9 .9 .8 2 3 8 9.77 39.74 39.78 39.7639.7 3 63 9 9.7 . 7 8 39. 2 7739.7 40.00 39. 8 99 39.973 3 9 9 .9 . 6 8 39 1 .94 40.10 40.18 40.32 40.0 39.88 40.02 40.1 3 3 9.82 39.89 40.08 39.80 39.76 39.83 39. 4 8 0 8 .0 40.03 39.85 39.96 40.00 39.9 4 1 0.00 39.91 39.99 40.0 39.98 40.1 4 7 0.14 40.1 4 5 0.17 39.91 39.40 39.51 39.41 39.52 39.33 40.01 39.35 39.36 39.35 39.37 39 3 .2 9 5 .38 3 3 9 9 .2 .3 7 7 39.2 3 9 9.36 39 3 .2 9 7 .40 3 3 9 9 .2 .3 7 7 3 3 9 9 .3 .3 8 3 4 9.27 39. 3 3 9 4 .29 39.33 39.32 3 3 9 9 . . 3 3 3 4 3 3 9 9 .3 .3 2 3 39.30 39.30 39.29 39.28 39.32 39.27 39.23 39. 3 2 9 5 .41 3399..2258 39.30 39.45 39 3 . 9 2 . 0 32 39.27 39.21 39 3 .2 9 2 .0 39.11 39.10 39.1 3 7 9. 3 0 9 7 . 3 0 9 9 .0 3 8 9.13 39.07 39.08 39.13 39.16 39 3 . 3 0 9 9 7 . . 0 1 6 2 39.20 39.1 3 2 9.07 3 3 9 9 . . 1 1 0 3 39.18 39 3 .2 9 0 .11 3 3 9 9 .1 .2 8 0 39.65 39.52 39.65 39. 3 1 9 6 .63 39.67 39.67 39 3 .7 9 2 .65 39.70 39.71 39.51 39.75 39. 3 6 3 9 5 9 .6 .6 6 3 39.74 39.6 3 3 6 9 9 .5 . 1 3 8 9 1 .76 39.78 39.89 39. 3 8 9 3 3 .5 9 3 .80 39.85 39.8 3 4 9.84 3 3 9 9 .5 . 3 83 39.82 39.84 39.5 3 2 9.83 39.81 39.8 3 7 9.52 39.86 3 4ri 9 d7 . g. 8 6e 8 3 39.84 39.47 39.93 39.41 39.46 39.39 39.43 39.57 39.53 39.55 39 3 . 9 4 3 . 3 9 4 .46 7 39.50 39.45 39.51 39.61 39.45 3 3 9 9 .3 .5 6 0 39.41 3 3 9 9 .4 . 2 39 39 3 .4 9 4 .37 3 39 3 . 9 9 436 .3 9 4 . .5 6 23 0 9 3 .5 9 329 3 3 . 9 3 9 .5 . 6 4 . 5 2 3 9 9 3 9 3 3 .53 . 9 6 . 3 5 9 7 . 5 5 3 1 3 9 M 9 . 3 5 9 . H 3 . 8 4 5 9 7 5 . 3 6 3 31 9 9 9 . . 6 6 .5 3 4 7 39.6 3 4 9.69 0.04 0.04 40.0 40.15 40.17 40.13 39.98 3 40.04 9.91 4 40.0 0.05 40.04 3 3 9 9 . . 9 4 4 5 5 0.14 3 3 9 9 . . 6 6 5 0 39.62 39.65 3 3 9 9 .4 .8 5 5 3 3 9 9 .5 . 3 5 4 9 8 .5 3 8 9.6 3 0 9.64 3 3 9 9 . . 5 5 9 8 39.6 3 1 9. 3 5 9 6 .67 39.71 39 3 . 9 5 . 7 76 39.58 39 3 .5 9 5 .65 39.73 3 3 9 9 . . 7 5 9 4 39.56 3399..66 3 3 66 9 9 . . 5 7 7 4 39.81 39.58 3 3 9 9 .6 .6 0 3 9 9. 3 7 3 9 7 9 . . 5 8 6 5 39.5 3 2 9 3 . 9 8 . 9 59 39.78 3 3 9 9 . . 5 8 7 3 3 3 9 9 . . 5 8 5 6 3 3 9 9 .6 .9 5 2 39.83 3 3 9 9 . . 6 8 3 7 9 9.7 3 3 1 9 9 .9 .7 9 8 3 4 9 0 . . 8 0 9 1 40.01 40 3 .1 9 3 .73 40 3 .1 9 4 . 3 8 9 5 .97 40.0 40.07 40.1 3 4 9 4 . 0 5 . 4 3 1 9 5 .63 39.68 39.8 4 39.38 6 0.04 40.1 39.36 0
39.33 39.35 39.49 39.0 39.25 39.42 39.54 39.53 40.02 39.7 3 9 9.54 39.33 39.30 39.33 39.31 39.57 39.61 39.60 39.62 39.63 39.71 39.67 39.42 39.31 39.36 39.19 39.16 39.40 39.66
39.92 39.28
39.95 39.25 39.34 39.35
39.36
39.0
39.34 39.0
39.0
38
3
.
39
9
9.
7
0.056 39. 3 10 9.03
38.98 0.93 38.97
39.20
39.09 39.34 39.49 39.6839.69 PALISADE FENCE=2.8 HGT 39.47 39.16
39.49
39.11
39.45
39.17
39.4
3
5
9.31 39.50 39
3
.
9
5
.
7
34
39.6
3
1
9.46
39.57
39.48 39.62
39.50
39.61
39.14
39.
3
3
9
7
.32
POST AND WIRE=1M HGT
38.93 39.77
39.96
38.92
39.10 39.22 39.30
39.90
39.47 39.2339.48
39.02
39.99
38.87 39.0 39.21
0.93 39.02 39.26 39.22 39.16
39.90
38.88
39.16
06.93 39.80 39.95 39.79 39.75 39.66 39.6839.68 39.62 39.63 39.62 39.76 39.72 39.89 39.86 39.65 39.82 39.62 39.60 39.78 39.5839.59 39.76 39.56 39.68 39.53 39.48 39.62 39.41 39.54 39.34 29.93
39.95 39.80 39.76 39.80
39.70 39.66
40.17 40.00 40.11 39.71 40.04 40.09
39.72 39.73 39.99 39.97 39.69
39.69 39.91 39.80 39.87 39.76 39.81 393.795.92 39.99 39.89 39.78 39.82 39.51 39.50 39.76 39.72 39.54 39.71 39.62 39.55 39.62 39.62 39.61 39.58 39.56 39.57 38.92 38.91 38.94 39.45 38.97 38.98
38.93 39.52 38.92 39.00
38.98 38.99 39.05 38.95 38.99 38.96
38.93 38.92 39.02 38.95
38.88
38.90
38.91
38.93
79.93
n
ai
Dr
M P 56.0
SOPC COMPOUND /
CDM AREA
SOPC CONTRACTOR TO PROVIDE AND MAINTAIN A SUITABLE LAYDOWN
AND STORAGE AREA FOR SOPC CONTAINERS THROUGHOUT THE SET-DOWN WORKS. CONTAINERS TO BE POSITIONED TO ALLOW SAFE, UNRESTRICTED AND CONVENIENT ACCESS AT ALL TIMES. ACCESS ROUTES TO BE KEPT CLEAR OF OBSTRUCTIONS AND MAINTAINED FOR THE DURATION OF THE WORKS. CONTRACTOR TO ALLOW SPACE FOR THE FOLLOWING CONTRACTOR TO SATISFY THEMSELVES THAT ALL SOPC (TO COMMENCE ON SITE IN APRIL BY CLIENT PERSONNEL REQUIRED TO PASS THROUGH OR ADJACENT TO NOMINATED SUB-CONTRACTOR). 6000 THE CONTRACTOR'S CDM COMPOUND CAN DO SO SAFELY. THE CONTRACTOR SHALL ENSURE THAT ALL WORKERS HAVE PRE-FABRICATION TENT RECEIVED A SITE INDUCTION IN A LANGUAGE AND DIALECT THE AREA WE NEED FOR PRE-FABRICATION TENT IS THEY FULLY UNDERSTAND AND PC TO BE SATISFIED THAT THE ABOUT 10x20Mx6M, MOST OF THE PIPEWORK WE 40.1140.07 INDUCTION HAS BEEN COMPREHENDED BY ALL PERSONNEL. WOULD TRY TO PRE-FABRICATE IN OUR WORKSHOP. NO WORKS, STORAGE OF MATERIALS, PLANT OPERATIONS OR
QUANTITY AND WEIGHT FOR THE CONTAINERS OTHER CONSTRUCTION ACTIVITIES SHALL BE UNDERTAKEN BY AS OUR PRELIMINARY EVALUATION, THE TOTAL PREFABRICATED THE CONTRACTOR WITHIN THE SOPC CDM COMPOUND AREA CONTRACTOR QUANTITY OF THE CONTAINERS WOULD BE 38PCS TENT 10m x 20m FOR A PERIOD OF SIX (6) MONTHS FROM COMMENCEMENT, SINGLE STACKED, INCLUDING THE NET WEIGHT OF 39.88 COMPOUND / CDM UNLESS OTHERWISE AGREED IN WRITING BY THE EMPLOYER'S THE CONTAINER ITSELF (NORMALLY 4T~5T FOR REPRESENTATIVE. EACH), THERE WOULD BE ABOUT 3~4PCS OF AREA CONTAINERS WEIGHT ABOUT 30T, AND THE OTHER CONTAINERS WOULD BE ABOUT 20T. WATER(UNABLE TO SURVEY) PC TO DESIGN, INSTALL & MAINTAIN SOPC CONTAINERS TO BE ACCOMMODATED AFTER APRIL – 39.98 SUITABLE HARDSTANDING. LAY DOWN SEQUENCE TBD CLOSER TO TIME AND ARRANGED ONSITE. STORAGE AREA FOR PC / CLIENT CONTAINERS TO BE 12192MM (40FT) X 2438MM (8FT). SOPC AMENITIES. PIPEWORK TO BE PRE-FABRICATED ONSITE – 10000MM X 20000MM WELFARE SOPC SET-DOWN / 40.11 OFFICE AREA TO BE LEFT CLPEALR FOORT W O6RK S-HOP. HARDCORE TO BE PLEASE NOTE: THE CLIENT REQUIRES APPROPRIATELY COMPACTED INLINE WITH ENGINEERS COMMENTS WELFARE/ CABINS. ST39.8O2 RAGE OF XYZ, SIZE BY SIZE SHIPPING TO ACCOMMODATE CONTAINER WEIGHT OF UP TO 30T. CONTAINERS TO BE STORED ON SITE. 1.38ac CONTRACTOR TO ALLOW PROVISION. 39.71 PLOT 9 -
39.80 3.00ac 39.73
CABIN CABIN CABIN 39.76 PUBLIC CONNECTION 39.74 PRIVATE MMMM INCOMING SEPARATE CONTRACTOR 39.73 SUPPLIES WATER(UNABLE TO SURVEY) STN02 E N : : 4 3 5 8 7 0 2 1 5 3 9 9 . . 9 3 6 6 4 4 COMPOUND AREA Z : 40.128 39.71 ROUND-ABOUT [NOT OPERATIONAL] 39.77 40.30
39.74 40.22 SIGN POST 40.03 40.19 Ref Date Revision Initial 39.74
CONTRACTOR TO BE MADE AWARE OF LINE TENDER ISSUE 39.71 PASSING POINT TO SITE OVER EXISTING ROUNDABOUT. DELIVERIES / MOVEMENTS 39.76 TO BE CO-ORDINATED. 40.16
Project / Client: 39.68 39.76 LPIC S E N Z T : : : N 3 4 3 0 9 5 8 1 . 7 0 7 3 1 9 7 0 5 0 0 . . 0 4 1 1 9 60.51 EOT[0 G .51 udlly 39.7939.75 WORKSOP 0.45d FIRE 39.80 STATION P 5. L 1 O 5a T c 7 - EL SUB Junc T t O io 0 E .72 n ] E d OT [B CEa o O 0 T[ b . x 3 i 0 n 3 de 9 t .79 IC 0.45d U I M LV:IH U 1 S . 3 3 9 W 6 3 . 9 A 6 .6 G 15 Y 0 1 3 Ø u 0. l 5 l 3 y ]d 1 E 50Ø OT ]EOT 1 C 50 U Ø LVERT ]EOT(U I T L S :3 . - 1 1 5 E 0Ø OT) 39.65 ]E ] O E T OT S Drawing Title: 3M9H.8-U5TL 0.72(HV) V E 1.20d PLOT 10 PRE-CONSTRUCTION INFORMATION 1.00d (PCI) SITE PLAN - 1.02ac WATER(UNABLE TO SURVEY) MT E .O50T IC 0. 0 5 . 0 50 0 d .9d0d LP IC 0.90(HV) 0.90d WEAK SIGNA 0 L .90d 0.39d 3S9V.6 IC 1 0.50d 0.50d 39.6 ] 0 E ]E O O 39 T .6 T 1 METAL FENCE= 2.3HGT 0.50d 0.90(HV) 0.89d 0.50d 0.50 ]dEOT
EOT[ EOT[ TRAVIS PERKINS
Scale: 1:500 MARCH 2025
WATER(UNABLE TO SURVEY)
Sheet Size:
CCOHMUPTAEC FTEODRPOWERKRUSH
85CHUTE CO 3 N 5YT AC ARU INDB E IC R 2024/055/03 A1
Distribution Site
noissimrep tuohtiw decudorper eb ton llahs dna erutcetihcrA
AHJ
fo thgirypoc
eht
si
gniward
sihT
C
PLEASE NOTE
1. DO NOT scale from this drawing, use figured dimensions only.
2. All dimensions to be checked on site by the contractor.
3. Please report any discrepancies to JHA Ltd immediately.
4. All setting out dimensions are approximate. To be marked out on site for
approval by JHA Ltd prior to construction.
NOTES:
DENOTES AREA OF CLIENT NOMINATED CONTRACTOR (SOPC) CDM COMPOUND. ACCESS SHOWN TO BE
AGREED WITH SOPC ONSITE
DENOTES AREA OF CONTRACTORS COMPOUND. ACCESS
SHOWN TO BE DISCUSSED / AGREED WITH SEPARATE
CONTRACTOR PROGRAMME TBD
DENOTES AREA OF SEPARATE CONTRACTORS COMPOUND.
ACCESS SHOWN TO BE DISCUSSED / AGREED WITH - PROGRAMME TBD
COMPOUND ELEVATION DENOTES AREA OF DUAL ACCESS TO THE SITE
1:100
Issue:
PROPOSED NEW GAS PLANT AT PLOT 8, VESUVIUS WAY, WORKSOP S80 3NE FOR BUSE GAS SOLUTIONS JHA Architecture, West Suite, Second Floor, Unit F, South Quay, Lakeside Boulevard, Doncaster, DN4 5PL
01302 364565 enquiries@j-h-a.co.uk
www.j-h-a.co.uk
Date:
Drawn By: Checked By:
JOH BF
Drawing No: